0.0353053582624653
0.035132519339578
0.0349498804690297
0.0347574478581544
0.0345552297782791
0.0343432365628629
0.0341214806051226
0.0338899763551551
0.033648740316565
0.033397791042609
0.0331371491318693
0.0328668372234702
0.0325868799918512
0.0322973041411144
0.0319981383989637
0.0316894135102553
0.0313711622301809
0.0310434193171073
0.0307062215250985
0.0303596075961466
0.0300036182521437
0.0296382961866257
0.0292636860563256
0.0288798344725732
0.0284867899925839
0.0280846031106822
0.0276733262495072
0.0272530137512547
0.0268237218690111
0.0263855087582419
0.0259384344684994
0.0254825609354213
0.0250179519730968
0.0245446732668815
0.0240627923667496
0.0235723786812777
0.0230735034723623
0.0225662398507777
0.0220506627726927
0.021526849037269
0.020994877285475
0.0204548280002575
0.0199067835082217
0.0193508279829844
0.0187870474503702
0.0182155297956382
0.017636364772934
0.0170496440171774
0.0164554610586085
0.0158539113402304
0.0152450922383994
0.0146291030868331
0.0140060452043202
0.0133760219264355
0.0127391386415814
0.0120955028316971
0.0114452241179972
0.0107884143121234
0.0101251874731149
0.00945565997062854
0.00877995055486332
0.00809818043367191
0.00741047335736802
0.00671695571176896
0.00601775662004255
0.00531300805395925
0.00460284495518558
0.00388740536728753
0.00316683057915213
0.00244126528057227
0.00171085773078047
0.000975759940760663
0.000236127870209503
-0.000507878359933447
-0.00125609423841979
-0.00200835061707365
-0.00276447344554901
-0.00352428348633895
-0.00428759600885301
-0.00505422046132034
-0.00582396011921315
-0.00659661170881934
-0.00737196500452627
-0.00814980239830493
-0.00892989843981134
-0.00971201934544421
-0.0104959224746175
-0.0112813557714236
-0.0120680571697752
-0.0128557539600235
-0.0136441621149566
-0.0144329855729839
-0.0152219154762091
-0.016010629360992
-0.0167987902984834
-0.0175860459825098
-0.0183720277620607
-0.0191563496155093
-0.0199386070635707
-0.0207183760178674
-0.0214952115618327
-0.0222686466605425
-0.023038190795914
-0.0238033285235586
-0.0245635179474141
-0.0253181891081167
-0.0260667422809026
-0.0268085461786491
-0.0275429360554816
-0.0282692117061828
-0.0289866353564418
-0.0296944294387754
-0.030391774248744
-0.0310778054758632
-0.031751611603386
-0.0324122311708967
-0.0330586498934125
-0.0336897976304398
-0.0343045451981714
-0.0349017010177427
-0.035480007592188
-0.0360381378044488
-0.0365746910284952
-0.0370881890453083
-0.0375770717551616
-0.0380396926773103
-0.038474314227859
-0.0388791027662348
-0.0392521234003287
-0.0395913345400015
-0.0398945821882666
-0.0401595939590672
-0.0403839728101601
-0.0405651904791974
-0.0407005806106657
-0.0407873315608974
-0.0408224788679051
-0.0408028973723232
-0.0407252929752449
-0.0406160088091739
-0.0405039862726866
-0.0403891390750974
-0.0402713821102961
-0.0401506317772801
-0.0400268060036241
-0.0398998242685203
-0.0397696076253823
-0.0396360787240086
-0.039499161832296
-0.0393587828575007
-0.0392148693670376
-0.0390673506088146
-0.0389161575310948
-0.0387612228018809
-0.0386024808278177
-0.0384398677726056
-0.0382733215749217
-0.0381027819658422
-0.0379281904857611
-0.037749490500802
-0.0375666272187169
-0.0373795477042675
-0.0371882008940861
-0.0369925376110105
-0.036792510577889
-0.0365880744308531
-0.0363791857320521
-0.0361658029818473
-0.0359478866304623
-0.0357253990890857
-0.0354983047404235
-0.0352665699486977
-0.0350301630690888
-0.0347890544566197
-0.0345432164744776
-0.0342926235017727
-0.0340372519407304
-0.0337770802233164
-0.0335120888172908
-0.033242260231692
-0.0329675790217464
-0.0326880317932046
-0.0324036072061012
-0.0321142959779385
-0.0318200908862924
-0.0315209867708397
-0.031216980534807
-0.0309080711458397
-0.0305942596362924
-0.0302755491029385
-0.0299519447061012
-0.0296234536682046
-0.0292900852717464
-0.028951850856692
-0.0286087638172908
-0.0282608395983164
-0.0279080956907304
-0.0275505516267726
-0.0271882289744776
-0.0268211513316197
-0.0264493443190888
-0.0260728355736977
-0.0256916547404236
-0.0253058334640857
-0.0249154053804623
-0.0245204061068473
-0.0241208732320521
-0.0237168463058531
-0.023308366827889
-0.0228954782360105
-0.0224782258940862
-0.0220566570792675
-0.0216308209687169
-0.021200768625802
-0.0207665529857611
-0.0203282288408422
-0.0198858528249217
-0.0194394833976056
-0.0189891808278177
-0.0185350071768809
-0.0180770262810948
-0.0176153037338146
-0.0171499068670376
-0.0166809047325007
-0.016208368082296
-0.0157323693490086
-0.0152529826253823
-0.0147702836435203
-0.0142843497536241
-0.0137952599022801
-0.0133030946102961
-0.0128079359500975
-0.0123098675226866
-0.0118089744341739
-0.0113053432718862
-0.0107990620800586
-0.0102902203351188
-0.0097789089205676
-0.00926522010146589
-0.00874924749853306
-0.0082310860618647
-0.00771083204427759
-0.00718858297428884
-0.00666443762873658
-0.00613849600505068
-0.00561085929318037
-0.00508162984718754
-0.0045509111565128
-0.00401880781692302
-0.00348542550114855
-0.00295087092921745
-0.00241525183849637
-0.00187867695344548
-0.0013412559550963
-0.000803099450261198
-0.000264318940482892
0.000274973209267539
0.000814663802134206
0.0013546388411547
0.0018947835612618
0.00243498246150153
0.00297511933745765
0.00351507731387352
0.0040547388774624
0.00459398590989674
0.00513269972096748
0.00567076108190383
0.00620805025884413
0.00674444704644873
0.00727983080164495
0.00781408047749515
0.00834707465717816
0.00887869158807435
0.00940880921594524
0.00993730521919748
0.0104640570432222
0.0109889419347994
0.0115118369765589
0.0120326191214859
0.0125511652274647
0.0130673520918475
0.0135810564860417
0.0140921551901027
0.0146005250273267
0.0151060428988283
0.0156085858180994
0.0161080309455342
0.016604255622914
0.0170971374078411
0.0175865541081114
0.0180723838160181
0.0185545049425739
0.0190327962516451
0.0195071368939857
0.0199774064411635
0.0204434849193678
0.0209052528430893
0.0213625912486636
0.021815381727667
0.0222635064601581
0.0227068482477524
0.0231452905465238
0.0235787174997215
0.0240070139702946
0.0244300655732143
0.0248477587075848
0.0252599805885352
0.0256666192788803
0.0260675637205453
0.0264627037657431
0.0268519302078955
0.027235134812291
0.0276122103464693
0.0279830506103244
0.0283475504659183
0.0287056058669959
0.0290571138881944
0.0294019727539366
0.0297400818670028
0.0300713418367713
0.0303956545071199
0.0307129229839816
0.0310230516625452
0.0313259462540945
0.0316215138124777
0.0319096627602003
0.0321903029141334
0.0324633455108308
0.0327287032314472
0.0329862902262516
0.0332360221387272
0.0334778161292533
0.0337115908983603
0.0339372667095531
0.0341547654116954
0.0343640104609489
0.0345649269422614
0.0347574415903978
0.0349414828105077
0.0351169806982243
0.0352838670592887
0.035442075428694
0.0355915410893444
0.0357322010902234
0.0358639942640665
0.0359868612445329
0.0361007444828726
0.0362055882640825
0.0363013387225489
0.0363879438571705
0.0364653535459594
0.0365335195601136
0.0365923955775607
0.0366419371959654
0.0366821019452008
0.0367128492992771
0.0367341406877274
0.0367459395064457
0.0367482111279755
0.0367409229112463
0.0367240442107557
0.0366975463851953
0.0366614028055188
0.0366155888624501
0.0365600819734316
0.0364948615890105
0.0364199091986638
0.0363352083360599
0.0362407445837599
0.036136505577356
0.0360224810090502
0.0358986626306737
0.0357650442561489
0.0356216217633963
0.0354683930956903
0.0353053582624653
0.035132519339578
0.0349498804690297
0.0347574478581544
0.0345552297782791
0.0343432365628629
0.0341214806051226
0.0338899763551551
0.033648740316565
0.033397791042609
0.0331371491318693
0.0328668372234702
0.0325868799918511
0.0322973041411144
0.0319981383989637
0.0316894135102553
0.0313711622301809
0.0310434193171073
0.0307062215250985
0.0303596075961466
0.0300036182521437
0.0296382961866257
0.0292636860563256
0.0288798344725732
0.0284867899925839
0.0280846031106822
0.0276733262495072
0.0272530137512547
0.0268237218690111
0.0263855087582419
0.0259384344684994
0.0254825609354213
0.0250179519730968
0.0245446732668815
0.0240627923667495
0.0235723786812777
0.0230735034723623
0.0225662398507777
0.0220506627726927
0.021526849037269
0.020994877285475
0.0204548280002575
0.0199067835082218
0.0193508279829844
0.0187870474503702
0.0182155297956382
0.017636364772934
0.0170496440171774
0.0164554610586085
0.0158539113402304
0.0152450922383994
0.0146291030868331
0.0140060452043202
0.0133760219264355
0.0127391386415814
0.0120955028316971
0.0114452241179972
0.0107884143121234
0.0101251874731149
0.00945565997062854
0.00877995055486332
0.00809818043367191
0.00741047335736802
0.00671695571176896
0.00601775662004255
0.00531300805395925
0.00460284495518558
0.00388740536728753
0.00316683057915213
0.00244126528057227
0.00171085773078047
0.000975759940760663
0.000236127870209503
-0.000507878359933447
-0.00125609423841979
-0.00200835061707365
-0.00276447344554901
-0.00352428348633895
-0.00428759600885301
-0.00505422046132034
-0.00582396011921315
-0.00659661170881934
-0.00737196500452627
-0.00814980239830493
-0.00892989843981134
-0.00971201934544421
-0.0104959224746175
-0.0112813557714236
-0.0120680571697753
-0.0128557539600235
-0.0136441621149567
-0.0144329855729839
-0.0152219154762091
-0.016010629360992
-0.0167987902984834
-0.0175860459825098
-0.0183720277620607
-0.0191563496155093
-0.0199386070635707
-0.0207183760178674
-0.0214952115618328
-0.0222686466605425
-0.023038190795914
-0.0238033285235587
-0.0245635179474141
-0.0253181891081167
-0.0260667422809026
-0.0268085461786492
-0.0275429360554815
-0.0282692117061828
-0.0289866353564418
-0.0296944294387755
-0.030391774248744
-0.0310778054758632
-0.0317516116033859
-0.0324122311708967
-0.0330586498934125
-0.0336897976304398
-0.0343045451981713
-0.0349017010177428
-0.0354800075921879
-0.0360381378044488
-0.0365746910284952
-0.0370881890453083
-0.0375770717551616
-0.0380396926773103
-0.038474314227859
-0.0388791027662349
-0.0392521234003286
-0.0395913345400015
-0.0398945821882666
-0.0401595939590672
-0.0403839728101601
-0.0405651904791974
-0.0407005806106658
-0.0407873315608974
-0.0408224788679051
-0.0408028973723232
-0.0407252929752448
-0.0406160088091739
-0.0405039862726866
-0.0403891390750974
-0.0402713821102961
-0.0401506317772801
-0.0400268060036241
-0.0398998242685202
-0.0397696076253824
-0.0396360787240086
-0.039499161832296
-0.0393587828575007
-0.0392148693670376
-0.0390673506088146
-0.0389161575310948
-0.0387612228018809
-0.0386024808278177
-0.0384398677726056
-0.0382733215749218
-0.0381027819658422
-0.0379281904857611
-0.037749490500802
-0.0375666272187169
-0.0373795477042675
-0.0371882008940862
-0.0369925376110104
-0.036792510577889
-0.0365880744308531
-0.0363791857320521
-0.0361658029818472
-0.0359478866304623
-0.0357253990890857
-0.0354983047404235
-0.0352665699486977
-0.0350301630690888
-0.0347890544566196
-0.0345432164744776
-0.0342926235017726
-0.0340372519407304
-0.0337770802233164
-0.0335120888172908
-0.033242260231692
-0.0329675790217464
-0.0326880317932045
-0.0324036072061012
-0.0321142959779385
-0.0318200908862924
-0.0315209867708397
-0.031216980534807
-0.0309080711458397
-0.0305942596362924
-0.0302755491029385
-0.0299519447061012
-0.0296234536682045
-0.0292900852717464
-0.028951850856692
-0.0286087638172908
-0.0282608395983164
-0.0279080956907304
-0.0275505516267726
-0.0271882289744776
-0.0268211513316196
-0.0264493443190888
-0.0260728355736977
-0.0256916547404236
-0.0253058334640858
-0.0249154053804623
-0.0245204061068473
-0.0241208732320521
-0.0237168463058532
-0.023308366827889
-0.0228954782360105
-0.0224782258940862
-0.0220566570792676
-0.0216308209687169
-0.0212007686258021
-0.0207665529857611
-0.0203282288408422
-0.0198858528249217
-0.0194394833976056
-0.0189891808278177
-0.018535007176881
-0.0180770262810948
-0.0176153037338147
-0.0171499068670376
-0.0166809047325007
-0.016208368082296
-0.0157323693490086
-0.0152529826253823
-0.0147702836435203
-0.0142843497536241
-0.0137952599022801
-0.0133030946102961
-0.0128079359500975
-0.0123098675226866
-0.011808974434174
-0.0113053432718862
-0.0107990620800587
-0.0102902203351188
-0.00977890892056765
-0.00926522010146589
-0.00874924749853313
-0.00823108606186466
-0.00771083204427767
-0.00718858297428881
-0.00666443762873661
-0.00613849600505065
-0.0056108592931804
-0.00508162984718751
-0.00455091115651279
-0.00401880781692298
-0.00348542550114857
-0.0029508709292174
-0.00241525183849643
-0.00187867695344542
-0.00134125595509629
-0.00080309945026117
-0.000264318940482879
0.000274973209267525
0.000814663802134206
0.00135463884115476
0.00189478356126178
0.00243498246150161
0.00297511933745764
0.00351507731387359
0.00405473887746235
0.00459398590989677
0.00513269972096745
0.00567076108190383
0.0062080502588441
0.00674444704644873
0.00727983080164491
0.00781408047749522
0.00834707465717813
0.00887869158807441
0.00940880921594519
0.00993730521919748
0.0104640570432221
0.0109889419347994
0.0115118369765589
0.012032619121486
0.0125511652274647
0.0130673520918476
0.0135810564860416
0.0140921551901028
0.0146005250273266
0.0151060428988283
0.0156085858180994
0.0161080309455342
0.016604255622914
0.017097137407841
0.0175865541081114
0.0180723838160182
0.0185545049425739
0.0190327962516452
0.0195071368939857
0.0199774064411636
0.0204434849193678
0.0209052528430893
0.0213625912486636
0.021815381727667
0.0222635064601581
0.0227068482477525
0.0231452905465238
0.0235787174997215
0.0240070139702946
0.0244300655732143
0.0248477587075848
0.0252599805885353
0.0256666192788803
0.0260675637205453
0.0264627037657431
0.0268519302078955
0.027235134812291
0.0276122103464693
0.0279830506103244
0.0283475504659183
0.0287056058669959
0.0290571138881944
0.0294019727539366
0.0297400818670028
0.0300713418367713
0.03039565450712
0.0307129229839816
0.0310230516625453
0.0313259462540945
0.0316215138124777
0.0319096627602003
0.0321903029141334
0.0324633455108308
0.0327287032314472
0.0329862902262516
0.0332360221387272
0.0334778161292533
0.0337115908983603
0.0339372667095531
0.0341547654116954
0.0343640104609489
0.0345649269422614
0.0347574415903978
0.0349414828105077
0.0351169806982243
0.0352838670592887
0.035442075428694
0.0355915410893443
0.0357322010902234
0.0358639942640664
0.0359868612445329
0.0361007444828726
0.0362055882640825
0.0363013387225488
0.0363879438571705
0.0364653535459594
0.0365335195601136
0.0365923955775607
0.0366419371959654
0.0366821019452008
0.0367128492992771
0.0367341406877274
0.0367459395064457
0.0367482111279755
0.0367409229112463
0.0367240442107557
0.0366975463851953
0.0366614028055188
0.0366155888624501
0.0365600819734316
0.0364948615890105
0.0364199091986638
0.0363352083360599
0.0362407445837599
0.036136505577356
0.0360224810090502
0.0358986626306737
0.0357650442561489
0.0356216217633963
0.0354683930956903
0.0353053582624653
0.035132519339578
0.0349498804690296
0.0347574478581544
0.0345552297782791
0.0343432365628629
0.0341214806051226
0.0338899763551552
0.033648740316565
0.033397791042609
0.0331371491318693
0.0328668372234702
0.0325868799918511
0.0322973041411144
0.0319981383989637
0.0316894135102554
0.0313711622301809
0.0310434193171073
0.0307062215250985
0.0303596075961466
0.0300036182521437
0.0296382961866257
0.0292636860563256
0.0288798344725732
0.0284867899925839
0.0280846031106822
0.0276733262495072
0.0272530137512547
0.0268237218690111
0.026385508758242
0.0259384344684994
0.0254825609354213
0.0250179519730968
0.0245446732668815
0.0240627923667495
0.0235723786812777
0.0230735034723623
0.0225662398507778
0.0220506627726927
0.021526849037269
0.020994877285475
0.0204548280002575
0.0199067835082217
0.0193508279829844
0.0187870474503701
0.0182155297956382
0.0176363647729339
0.0170496440171774
0.0164554610586085
0.0158539113402304
0.0152450922383994
0.0146291030868331
0.0140060452043202
0.0133760219264355
0.0127391386415813
0.0120955028316971
0.0114452241179971
0.0107884143121234
0.0101251874731148
0.00945565997062854
0.00877995055486324
0.00809818043367191
0.00741047335736794
0.00671695571176896
0.00601775662004247
0.00531300805395925
0.0046028449551855
0.00388740536728753
0.00316683057915205
0.00244126528057227
0.00171085773078039
0.000975759940760663
0.000236127870209418
-0.000507878359933447
-0.00125609423841987
-0.00200835061707365
-0.00276447344554909
-0.00352428348633895
-0.00428759600885311
-0.00505422046132034
-0.00582396011921323
-0.00659661170881934
-0.00737196500452636
-0.00814980239830493
-0.00892989843981126
-0.00971201934544421
-0.0104959224746174
-0.0112813557714236
-0.0120680571697752
-0.0128557539600235
-0.0136441621149566
-0.0144329855729839
-0.0152219154762091
-0.016010629360992
-0.0167987902984833
-0.0175860459825098
-0.0183720277620606
-0.0191563496155093
-0.0199386070635706
-0.0207183760178674
-0.0214952115618327
-0.0222686466605425
-0.0230381907959139
-0.0238033285235587
-0.024563517947414
-0.0253181891081167
-0.0260667422809026
-0.0268085461786492
-0.0275429360554815
-0.0282692117061828
-0.0289866353564418
-0.0296944294387755
-0.030391774248744
-0.0310778054758632
-0.0317516116033859
-0.0324122311708967
-0.0330586498934125
-0.0336897976304398
-0.0343045451981713
-0.0349017010177428
-0.0354800075921879
-0.0360381378044488
-0.0365746910284952
-0.0370881890453083
-0.0375770717551616
-0.0380396926773103
-0.038474314227859
-0.0388791027662349
-0.0392521234003286
-0.0395913345400015
-0.0398945821882666
-0.0401595939590672
-0.0403839728101601
-0.0405651904791974
-0.0407005806106658
-0.0407873315608974
-0.0408224788679051
-0.0408028973723232
-0.0407252929752448
-0.0406160088091739
-0.0405039862726866
-0.0403891390750974
-0.0402713821102961
-0.0401506317772801
-0.0400268060036241
-0.0398998242685202
-0.0397696076253824
-0.0396360787240086
-0.039499161832296
-0.0393587828575007
-0.0392148693670376
-0.0390673506088146
-0.0389161575310948
-0.0387612228018809
-0.0386024808278177
-0.0384398677726056
-0.0382733215749218
-0.0381027819658422
-0.0379281904857611
-0.037749490500802
-0.0375666272187169
-0.0373795477042675
-0.0371882008940862
-0.0369925376110104
-0.036792510577889
-0.0365880744308531
-0.0363791857320521
-0.0361658029818472
-0.0359478866304623
-0.0357253990890857
-0.0354983047404235
-0.0352665699486977
-0.0350301630690888
-0.0347890544566196
-0.0345432164744776
-0.0342926235017726
-0.0340372519407304
-0.0337770802233164
-0.0335120888172908
-0.033242260231692
-0.0329675790217464
-0.0326880317932045
-0.0324036072061012
-0.0321142959779385
-0.0318200908862924
-0.0315209867708397
-0.031216980534807
-0.0309080711458397
-0.0305942596362924
-0.0302755491029385
-0.0299519447061012
-0.0296234536682045
-0.0292900852717464
-0.028951850856692
-0.0286087638172908
-0.0282608395983164
-0.0279080956907304
-0.0275505516267726
-0.0271882289744776
-0.0268211513316196
-0.0264493443190888
-0.0260728355736977
-0.0256916547404236
-0.0253058334640857
-0.0249154053804623
-0.0245204061068472
-0.0241208732320521
-0.0237168463058531
-0.023308366827889
-0.0228954782360104
-0.0224782258940862
-0.0220566570792676
-0.0216308209687169
-0.0212007686258021
-0.0207665529857611
-0.0203282288408422
-0.0198858528249217
-0.0194394833976056
-0.0189891808278177
-0.018535007176881
-0.0180770262810948
-0.0176153037338147
-0.0171499068670376
-0.0166809047325007
-0.016208368082296
-0.0157323693490086
-0.0152529826253823
-0.0147702836435203
-0.0142843497536241
-0.0137952599022801
-0.0133030946102961
-0.0128079359500975
-0.0123098675226866
-0.011808974434174
-0.0113053432718862
-0.0107990620800587
-0.0102902203351188
-0.00977890892056765
-0.00926522010146589
-0.00874924749853313
-0.00823108606186466
-0.00771083204427767
-0.00718858297428881
-0.00666443762873661
-0.00613849600505065
-0.0056108592931804
-0.00508162984718751
-0.00455091115651279
-0.00401880781692298
-0.00348542550114857
-0.0029508709292174
-0.0024152518384963
-0.00187867695344542
-0.00134125595509616
-0.00080309945026117
-0.000264318940482795
0.000274973209267525
0.000814663802134304
0.00135463884115476
0.00189478356126187
0.00243498246150161
0.00297511933745772
0.00351507731387359
0.00405473887746253
0.00459398590989677
0.00513269972096757
0.00567076108190383
0.00620805025884422
0.00674444704644873
0.00727983080164499
0.00781408047749522
0.00834707465717823
0.00887869158807441
0.00940880921594534
0.00993730521919748
0.0104640570432221
0.0109889419347994
0.0115118369765589
0.012032619121486
0.0125511652274647
0.0130673520918476
0.0135810564860416
0.0140921551901028
0.0146005250273266
0.0151060428988283
0.0156085858180994
0.0161080309455342
0.016604255622914
0.017097137407841
0.0175865541081114
0.0180723838160182
0.0185545049425739
0.0190327962516452
0.0195071368939857
0.0199774064411636
0.0204434849193678
0.0209052528430893
0.0213625912486636
0.021815381727667
0.0222635064601581
0.0227068482477525
0.0231452905465238
0.0235787174997215
0.0240070139702946
0.0244300655732143
0.0248477587075848
0.0252599805885353
0.0256666192788803
0.0260675637205453
0.0264627037657431
0.0268519302078955
0.027235134812291
0.0276122103464693
0.0279830506103244
0.0283475504659183
0.0287056058669959
0.0290571138881944
0.0294019727539366
0.0297400818670028
0.0300713418367713
0.03039565450712
0.0307129229839816
0.0310230516625453
0.0313259462540945
0.0316215138124777
0.0319096627602003
0.0321903029141334
0.0324633455108308
0.0327287032314472
0.0329862902262516
0.0332360221387272
0.0334778161292533
0.0337115908983603
0.0339372667095531
0.0341547654116955
0.0343640104609489
0.0345649269422614
0.0347574415903978
0.0349414828105077
0.0351169806982243
0.0352838670592887
0.035442075428694
0.0355915410893444
0.0357322010902234
0.0358639942640665
0.0359868612445329
0.0361007444828726
0.0362055882640825
0.0363013387225489
0.0363879438571705
0.0364653535459594
0.0365335195601136
0.0365923955775607
0.0366419371959654
0.0366821019452008
0.0367128492992771
0.0367341406877274
0.0367459395064457
0.0367482111279755
0.0367409229112463
0.0367240442107557
0.0366975463851953
0.0366614028055188
0.0366155888624501
0.0365600819734316
0.0364948615890105
0.0364199091986638
0.0363352083360599
0.0362407445837599
0.036136505577356
0.0360224810090502
0.0358986626306737
0.0357650442561488
0.0356216217633963
0.0354683930956903
0.0353053582624653
0.035132519339578
0.0349498804690296
0.0347574478581543
0.0345552297782791
0.0343432365628629
0.0341214806051226
0.0338899763551551
0.033648740316565
0.0333977910426089
0.0331371491318693
0.0328668372234701
0.0325868799918511
0.0322973041411143
0.0319981383989637
0.0316894135102553
0.0313711622301809
0.0310434193171072
0.0307062215250985
0.0303596075961466
0.0300036182521437
0.0296382961866256
0.0292636860563256
0.0288798344725731
0.0284867899925839
0.0280846031106821
0.0276733262495072
0.0272530137512546
0.0268237218690111
0.026385508758242
0.0259384344684994
0.0254825609354213
0.0250179519730968
0.0245446732668815
0.0240627923667495
0.0235723786812777
0.0230735034723623
0.0225662398507778
0.0220506627726927
0.021526849037269
0.020994877285475
0.0204548280002575
0.0199067835082217
0.0193508279829844
0.0187870474503701
0.0182155297956382
0.0176363647729339
0.0170496440171774
0.0164554610586085
0.0158539113402304
0.0152450922383994
0.0146291030868331
0.0140060452043202
0.0133760219264355
0.0127391386415813
0.0120955028316971
0.0114452241179971
0.0107884143121234
0.0101251874731148
0.00945565997062854
0.00877995055486324
0.00809818043367191
0.00741047335736794
0.00671695571176896
0.00601775662004247
0.00531300805395925
0.0046028449551855
0.00388740536728753
0.00316683057915205
0.00244126528057227
0.00171085773078039
0.000975759940760663
0.000236127870209418
-0.000507878359933447
-0.00125609423841987
-0.00200835061707365
-0.00276447344554909
-0.00352428348633895
-0.00428759600885311
-0.00505422046132034
-0.00582396011921323
-0.00659661170881934
-0.00737196500452636
-0.00814980239830493
-0.00892989843981142
-0.00971201934544421
-0.0104959224746176
-0.0112813557714236
-0.0120680571697753
-0.0128557539600235
-0.0136441621149568
-0.0144329855729839
-0.0152219154762092
-0.016010629360992
-0.0167987902984834
-0.0175860459825098
-0.0183720277620608
-0.0191563496155093
-0.0199386070635708
-0.0207183760178674
-0.0214952115618329
-0.0222686466605425
-0.0230381907959141
-0.0238033285235587
-0.0245635179474142
-0.0253181891081167
-0.0260667422809027
-0.0268085461786492
-0.0275429360554817
-0.0282692117061828
-0.0289866353564419
-0.0296944294387755
-0.0303917742487442
-0.0310778054758632
-0.0317516116033861
-0.0324122311708967
-0.0330586498934126
-0.0336897976304398
-0.0343045451981715
-0.0349017010177428
-0.035480007592188
-0.0360381378044488
-0.0365746910284953
-0.0370881890453083
-0.0375770717551617
-0.0380396926773103
-0.0384743142278591
-0.0388791027662349
-0.0392521234003287
-0.0395913345400015
-0.0398945821882666
-0.0401595939590672
-0.0403839728101602
-0.0405651904791974
-0.0407005806106658
-0.0407873315608974
-0.0408224788679051
-0.0408028973723232
-0.0407252929752448
-0.0406160088091739
-0.0405039862726866
-0.0403891390750974
-0.0402713821102961
-0.0401506317772801
-0.0400268060036241
-0.0398998242685202
-0.0397696076253823
-0.0396360787240086
-0.039499161832296
-0.0393587828575007
-0.0392148693670376
-0.0390673506088146
-0.0389161575310948
-0.0387612228018809
-0.0386024808278176
-0.0384398677726056
-0.0382733215749218
-0.0381027819658422
-0.0379281904857611
-0.037749490500802
-0.0375666272187169
-0.0373795477042675
-0.0371882008940862
-0.0369925376110104
-0.036792510577889
-0.0365880744308531
-0.0363791857320521
-0.0361658029818472
-0.0359478866304623
-0.0357253990890857
-0.0354983047404235
-0.0352665699486977
-0.0350301630690888
-0.0347890544566196
-0.0345432164744776
-0.0342926235017726
-0.0340372519407304
-0.0337770802233164
-0.0335120888172908
-0.033242260231692
-0.0329675790217464
-0.0326880317932045
-0.0324036072061012
-0.0321142959779385
-0.0318200908862924
-0.0315209867708397
-0.031216980534807
-0.0309080711458397
-0.0305942596362924
-0.0302755491029385
-0.0299519447061012
-0.0296234536682045
-0.0292900852717464
-0.028951850856692
-0.0286087638172908
-0.0282608395983164
-0.0279080956907304
-0.0275505516267726
-0.0271882289744776
-0.0268211513316196
-0.0264493443190888
-0.0260728355736977
-0.0256916547404236
-0.0253058334640857
-0.0249154053804623
-0.0245204061068472
-0.0241208732320521
-0.0237168463058531
-0.023308366827889
-0.0228954782360104
-0.0224782258940862
-0.0220566570792675
-0.0216308209687169
-0.021200768625802
-0.0207665529857611
-0.0203282288408421
-0.0198858528249217
-0.0194394833976055
-0.0189891808278177
-0.0185350071768809
-0.0180770262810948
-0.0176153037338146
-0.0171499068670376
-0.0166809047325006
-0.016208368082296
-0.0157323693490085
-0.0152529826253823
-0.0147702836435202
-0.0142843497536241
-0.01379525990228
-0.0133030946102961
-0.0128079359500974
-0.0123098675226866
-0.0118089744341739
-0.0113053432718862
-0.0107990620800586
-0.0102902203351188
-0.00977890892056752
-0.00926522010146589
-0.00874924749853302
-0.00823108606186466
-0.00771083204427752
-0.00718858297428881
-0.00666443762873648
-0.00613849600505065
-0.00561085929318027
-0.00508162984718751
-0.00455091115651268
-0.00401880781692298
-0.00348542550114845
-0.0029508709292174
-0.0024152518384963
-0.00187867695344542
-0.00134125595509616
-0.00080309945026117
-0.000264318940482795
0.000274973209267525
0.000814663802134304
0.00135463884115476
0.00189478356126187
0.00243498246150161
0.00297511933745772
0.00351507731387359
0.00405473887746253
0.00459398590989677
0.00513269972096757
0.00567076108190383
0.00620805025884422
0.00674444704644873
0.00727983080164499
0.00781408047749522
0.00834707465717823
0.00887869158807441
0.00940880921594534
0.00993730521919748
0.0104640570432222
0.0109889419347994
0.011511836976559
0.012032619121486
0.0125511652274648
0.0130673520918476
0.0135810564860417
0.0140921551901028
0.0146005250273266
0.0151060428988283
0.0156085858180994
0.0161080309455342
0.016604255622914
0.017097137407841
0.0175865541081114
0.0180723838160182
0.0185545049425739
0.0190327962516452
0.0195071368939857
0.0199774064411636
0.0204434849193678
0.0209052528430893
0.0213625912486636
0.021815381727667
0.0222635064601581
0.0227068482477525
0.0231452905465238
0.0235787174997215
0.0240070139702946
0.0244300655732143
0.0248477587075848
0.0252599805885353
0.0256666192788803
0.0260675637205453
0.0264627037657431
0.0268519302078955
0.027235134812291
0.0276122103464693
0.0279830506103244
0.0283475504659183
0.0287056058669959
0.0290571138881944
0.0294019727539366
0.0297400818670028
0.0300713418367713
0.03039565450712
0.0307129229839816
0.0310230516625453
0.0313259462540945
0.0316215138124777
0.0319096627602003
0.0321903029141334
0.0324633455108308
0.0327287032314472
0.0329862902262516
0.0332360221387272
0.0334778161292533
0.0337115908983603
0.0339372667095531
0.0341547654116955
0.0343640104609489
0.0345649269422614
0.0347574415903978
0.0349414828105077
0.0351169806982243
0.0352838670592887
0.035442075428694
0.0355915410893444
0.0357322010902234
0.0358639942640665
0.0359868612445329
0.0361007444828726
0.0362055882640825
0.0363013387225489
0.0363879438571705
0.0364653535459594
0.0365335195601136
0.0365923955775607
0.0366419371959654
0.0366821019452008
0.0367128492992771
0.0367341406877274
0.0367459395064457
0.0367482111279755
0.0367409229112463
0.0367240442107557
0.0366975463851953
0.0366614028055188
0.0366155888624501
0.0365600819734316
0.0364948615890105
0.0364199091986638
0.0363352083360599
0.0362407445837599
0.036136505577356
0.0360224810090502
0.0358986626306737
0.0357650442561488
0.0356216217633963
0.0354683930956903
0.0353053582624653
0.035132519339578
0.0349498804690296
0.0347574478581543
0.0345552297782791
0.0343432365628629
0.0341214806051226
0.0338899763551551
0.033648740316565
0.0333977910426089
0.0331371491318693
0.0328668372234701
0.0325868799918511
0.0322973041411143
0.0319981383989637
0.0316894135102553
0.0313711622301809
0.0310434193171072
0.0307062215250985
0.0303596075961466
0.0300036182521437
0.0296382961866256
0.0292636860563256
0.0288798344725731
0.0284867899925839
0.0280846031106821
0.0276733262495072
0.0272530137512546
0.0268237218690111
0.0263855087582419
0.0259384344684994
0.0254825609354212
0.0250179519730968
0.0245446732668814
0.0240627923667495
0.0235723786812776
0.0230735034723623
0.0225662398507778
0.0220506627726927
0.021526849037269
0.020994877285475
0.0204548280002575
0.0199067835082217
0.0193508279829844
0.0187870474503701
0.0182155297956382
0.0176363647729339
0.0170496440171774
0.0164554610586085
0.0158539113402304
0.0152450922383994
0.0146291030868331
0.0140060452043202
0.0133760219264355
0.0127391386415813
0.0120955028316971
0.0114452241179971
0.0107884143121234
0.0101251874731148
0.00945565997062854
0.00877995055486324
0.00809818043367191
0.00741047335736794
0.00671695571176896
0.00601775662004247
0.00531300805395925
0.0046028449551855
0.00388740536728753
0.00316683057915205
0.00244126528057227
0.00171085773078039
0.000975759940760663
0.000236127870209418
-0.000507878359933447
-0.00125609423841987
-0.00200835061707365
-0.00276447344554909
-0.00352428348633895
-0.00428759600885311
-0.00505422046132034
-0.00582396011921323
-0.00659661170881934
-0.00737196500452636
-0.00814980239830493
-0.00892989843981142
-0.00971201934544421
-0.0104959224746176
-0.0112813557714236
-0.0120680571697753
-0.0128557539600235
-0.0136441621149568
-0.0144329855729839
-0.0152219154762092
-0.016010629360992
-0.0167987902984834
-0.0175860459825098
-0.0183720277620608
-0.0191563496155093
-0.0199386070635708
-0.0207183760178674
-0.0214952115618329
-0.0222686466605425
-0.0230381907959141
-0.0238033285235587
-0.0245635179474142
-0.0253181891081167
-0.0260667422809027
-0.0268085461786492
-0.0275429360554817
-0.0282692117061828
-0.0289866353564419
-0.0296944294387755
-0.0303917742487442
-0.0310778054758632
-0.0317516116033861
-0.0324122311708967
-0.0330586498934126
-0.0336897976304398
-0.0343045451981715
-0.0349017010177428
-0.035480007592188
-0.0360381378044488
-0.0365746910284953
-0.0370881890453083
-0.0375770717551617
-0.0380396926773103
-0.0384743142278591
-0.0388791027662349
-0.0392521234003287
-0.0395913345400015
-0.0398945821882666
-0.0401595939590672
-0.0403839728101602
-0.0405651904791974
-0.0407005806106658
-0.0407873315608974
-0.0408224788679051
-0.0408028973723232
-0.0407252929752448
-0.0406160088091739
-0.0405039862726866
-0.0403891390750974
-0.0402713821102961
-0.0401506317772801
-0.0400268060036241
-0.0398998242685202
-0.0397696076253823
-0.0396360787240086
-0.039499161832296
-0.0393587828575007
-0.0392148693670376
-0.0390673506088146
-0.0389161575310948
-0.0387612228018809
-0.0386024808278176
-0.0384398677726056
-0.0382733215749217
-0.0381027819658422
-0.037928190485761
-0.037749490500802
-0.0375666272187168
-0.0373795477042675
-0.0371882008940861
-0.0369925376110104
-0.036792510577889
-0.0365880744308531
-0.0363791857320521
-0.0361658029818472
-0.0359478866304623
-0.0357253990890857
-0.0354983047404235
-0.0352665699486977
-0.0350301630690888
-0.0347890544566196
-0.0345432164744776
-0.0342926235017726
-0.0340372519407304
-0.0337770802233164
-0.0335120888172908
-0.033242260231692
-0.0329675790217464
-0.0326880317932045
-0.0324036072061012
-0.0321142959779385
-0.0318200908862924
-0.0315209867708397
-0.031216980534807
-0.0309080711458397
-0.0305942596362924
-0.0302755491029385
-0.0299519447061012
-0.0296234536682045
-0.0292900852717464
-0.028951850856692
-0.0286087638172908
-0.0282608395983164
-0.0279080956907304
-0.0275505516267726
-0.0271882289744776
-0.0268211513316196
-0.0264493443190888
-0.0260728355736977
-0.0256916547404236
-0.0253058334640857
-0.0249154053804623
-0.0245204061068472
-0.0241208732320521
-0.0237168463058531
-0.023308366827889
-0.0228954782360104
-0.0224782258940862
-0.0220566570792675
-0.0216308209687169
-0.021200768625802
-0.0207665529857611
-0.0203282288408421
-0.0198858528249217
-0.0194394833976055
-0.0189891808278177
-0.0185350071768809
-0.0180770262810948
-0.0176153037338146
-0.0171499068670376
-0.0166809047325006
-0.016208368082296
-0.0157323693490085
-0.0152529826253823
-0.0147702836435202
-0.0142843497536241
-0.01379525990228
-0.0133030946102961
-0.0128079359500974
-0.0123098675226866
-0.0118089744341739
-0.0113053432718862
-0.0107990620800586
-0.0102902203351188
-0.00977890892056752
-0.00926522010146589
-0.00874924749853302
-0.00823108606186466
-0.00771083204427752
-0.00718858297428881
-0.00666443762873648
-0.00613849600505065
-0.00561085929318027
-0.00508162984718751
-0.00455091115651268
-0.00401880781692298
-0.00348542550114845
-0.0029508709292174
-0.0024152518384963
-0.00187867695344542
-0.00134125595509616
-0.00080309945026117
-0.000264318940482795
0.000274973209267525
0.000814663802134304
0.00135463884115476
0.00189478356126187
0.00243498246150161
0.00297511933745772
0.00351507731387359
0.00405473887746253
0.00459398590989677
0.00513269972096757
0.00567076108190383
0.00620805025884422
0.00674444704644873
0.00727983080164499
0.00781408047749522
0.00834707465717823
0.00887869158807441
0.00940880921594534
0.00993730521919748
0.0104640570432222
0.0109889419347994
0.011511836976559
0.012032619121486
0.0125511652274648
0.0130673520918476
0.0135810564860417
0.0140921551901028
0.0146005250273267
0.0151060428988283
0.0156085858180995
0.0161080309455342
0.0166042556229141
0.017097137407841
0.0175865541081115
0.0180723838160182
0.018554504942574
0.0190327962516452
0.0195071368939857
0.0199774064411636
0.0204434849193678
0.0209052528430893
0.0213625912486636
0.021815381727667
0.0222635064601581
0.0227068482477525
0.0231452905465238
0.0235787174997215
0.0240070139702946
0.0244300655732143
0.0248477587075848
0.0252599805885353
0.0256666192788803
0.0260675637205453
0.0264627037657431
0.0268519302078955
0.027235134812291
0.0276122103464693
0.0279830506103244
0.0283475504659183
0.0287056058669959
0.0290571138881944
0.0294019727539366
0.0297400818670028
0.0300713418367713
0.03039565450712
0.0307129229839816
0.0310230516625453
0.0313259462540945
0.0316215138124777
0.0319096627602003
0.0321903029141334
0.0324633455108308
0.0327287032314472
0.0329862902262516
0.0332360221387272
0.0334778161292533
0.0337115908983603
0.0339372667095531
0.0341547654116955
0.0343640104609489
0.0345649269422614
0.0347574415903978
0.0349414828105077
0.0351169806982243
0.0352838670592887
0.035442075428694
0.0355915410893444
0.0357322010902234
0.0358639942640665
0.0359868612445329
0.0361007444828726
0.0362055882640825
0.0363013387225489
0.0363879438571705
0.0364653535459594
0.0365335195601136
0.0365923955775607
0.0366419371959654
0.0366821019452008
0.0367128492992771
0.0367341406877274
0.0367459395064457
0.0367482111279755
0.0367409229112463
0.0367240442107557
0.0366975463851953
0.0366614028055188
0.0366155888624501
0.0365600819734316
0.0364948615890105
0.0364199091986638
0.0363352083360599
0.0362407445837599
0.036136505577356
0.0360224810090502
0.0358986626306737
0.0357650442561488
0.0356216217633963
0.0354683930956903
0.0353053582624653
0.035132519339578
0.0349498804690296
0.0347574478581543
0.0345552297782791
0.0343432365628629
0.0341214806051226
0.0338899763551551
0.033648740316565
0.0333977910426089
0.0331371491318693
0.0328668372234701
0.0325868799918511
0.0322973041411143
0.0319981383989637
0.0316894135102553
0.0313711622301809
0.0310434193171072
0.0307062215250985
0.0303596075961466
0.0300036182521437
0.0296382961866256
0.0292636860563256
0.0288798344725731
0.0284867899925839
0.0280846031106821
0.0276733262495072
0.0272530137512546
0.0268237218690111
0.0263855087582419
0.0259384344684994
0.0254825609354212
0.0250179519730968
0.0245446732668814
0.0240627923667495
0.0235723786812776
0.0230735034723623
0.0225662398507776
0.0220506627726927
0.0215268490372689
0.020994877285475
0.0204548280002574
0.0199067835082217
0.0193508279829843
0.0187870474503701
0.0182155297956382
0.0176363647729339
0.0170496440171774
0.0164554610586085
0.0158539113402304
0.0152450922383994
0.0146291030868331
0.0140060452043202
0.0133760219264355
0.0127391386415813
0.0120955028316971
0.0114452241179971
0.0107884143121234
0.0101251874731148
0.00945565997062854
0.00877995055486324
0.00809818043367191
0.00741047335736809
0.00671695571176913
0.00601775662004247
0.00531300805395925
0.00460284495518566
0.00388740536728768
0.00316683057915205
0.00244126528057227
0.00171085773078055
0.000975759940760842
0.000236127870209418
-0.000507878359933447
-0.00125609423841971
-0.00200835061707349
-0.00276447344554909
-0.00352428348633895
-0.00428759600885293
-0.00505422046132018
-0.00582396011921323
-0.00659661170881934
-0.00737196500452619
-0.00814980239830476
-0.00892989843981142
-0.00971201934544421
-0.0104959224746174
-0.0112813557714235
-0.0120680571697753
-0.0128557539600235
-0.0136441621149566
-0.0144329855729837
-0.0152219154762092
-0.016010629360992
-0.0167987902984833
-0.0175860459825096
-0.0183720277620608
-0.0191563496155093
-0.0199386070635706
-0.0207183760178673
-0.0214952115618329
-0.0222686466605425
-0.0230381907959139
-0.0238033285235585
-0.0245635179474142
-0.0253181891081167
-0.0260667422809026
-0.026808546178649
-0.0275429360554817
-0.0282692117061828
-0.0289866353564418
-0.0296944294387753
-0.0303917742487442
-0.0310778054758632
-0.0317516116033859
-0.0324122311708966
-0.0330586498934126
-0.0336897976304398
-0.0343045451981713
-0.0349017010177426
-0.035480007592188
-0.0360381378044488
-0.0365746910284952
-0.0370881890453082
-0.0375770717551617
-0.0380396926773103
-0.038474314227859
-0.0388791027662349
-0.0392521234003287
-0.0395913345400015
-0.0398945821882666
-0.0401595939590673
-0.0403839728101602
-0.0405651904791974
-0.0407005806106658
-0.0407873315608974
-0.0408224788679051
-0.0408028973723232
-0.0407252929752448
-0.0406160088091739
-0.0405039862726866
-0.0403891390750974
-0.0402713821102961
-0.04015063177728
-0.0400268060036241
-0.0398998242685202
-0.0397696076253824
-0.0396360787240085
-0.039499161832296
-0.0393587828575007
-0.0392148693670376
-0.0390673506088146
-0.0389161575310948
-0.0387612228018809
-0.0386024808278177
-0.0384398677726055
-0.0382733215749217
-0.0381027819658422
-0.0379281904857611
-0.037749490500802
-0.0375666272187168
-0.0373795477042675
-0.0371882008940862
-0.0369925376110104
-0.036792510577889
-0.0365880744308531
-0.0363791857320521
-0.0361658029818472
-0.0359478866304622
-0.0357253990890857
-0.0354983047404235
-0.0352665699486976
-0.0350301630690888
-0.0347890544566196
-0.0345432164744776
-0.0342926235017727
-0.0340372519407304
-0.0337770802233164
-0.0335120888172908
-0.0332422602316921
-0.0329675790217464
-0.0326880317932045
-0.0324036072061012
-0.0321142959779386
-0.0318200908862923
-0.0315209867708397
-0.031216980534807
-0.0309080711458398
-0.0305942596362924
-0.0302755491029385
-0.0299519447061012
-0.0296234536682046
-0.0292900852717464
-0.028951850856692
-0.0286087638172908
-0.0282608395983164
-0.0279080956907303
-0.0275505516267726
-0.0271882289744776
-0.0268211513316197
-0.0264493443190887
-0.0260728355736977
-0.0256916547404236
-0.0253058334640858
-0.0249154053804622
-0.0245204061068472
-0.0241208732320521
-0.0237168463058532
-0.0233083668278889
-0.0228954782360104
-0.0224782258940862
-0.0220566570792676
-0.0216308209687168
-0.021200768625802
-0.0207665529857611
-0.0203282288408422
-0.0198858528249216
-0.0194394833976055
-0.0189891808278177
-0.018535007176881
-0.0180770262810947
-0.0176153037338146
-0.0171499068670376
-0.0166809047325007
-0.0162083680822959
-0.0157323693490085
-0.0152529826253823
-0.0147702836435203
-0.014284349753624
-0.01379525990228
-0.0133030946102961
-0.0128079359500975
-0.0123098675226865
-0.0118089744341739
-0.0113053432718862
-0.0107990620800587
-0.0102902203351187
-0.00977890892056752
-0.00926522010146589
-0.00874924749853313
-0.00823108606186456
-0.00771083204427752
-0.00718858297428881
-0.00666443762873661
-0.00613849600505053
-0.00561085929318027
-0.00508162984718751
-0.00455091115651279
-0.00401880781692285
-0.00348542550114845
-0.0029508709292174
-0.00241525183849643
-0.0018786769534453
-0.00134125595509616
-0.00080309945026117
-0.000264318940482879
0.00027497320926765
0.000814663802134304
0.00135463884115476
0.00189478356126178
0.00243498246150169
0.00297511933745772
0.00351507731387359
0.00405473887746235
0.00459398590989687
0.00513269972096757
0.00567076108190383
0.0062080502588441
0.00674444704644889
0.00727983080164499
0.00781408047749522
0.00834707465717813
0.00887869158807453
0.00940880921594534
0.00993730521919748
0.0104640570432221
0.0109889419347996
0.011511836976559
0.012032619121486
0.0125511652274647
0.0130673520918477
0.0135810564860417
0.0140921551901028
0.0146005250273266
0.0151060428988284
0.0156085858180995
0.0161080309455342
0.016604255622914
0.0170971374078412
0.0175865541081115
0.0180723838160182
0.0185545049425739
0.0190327962516453
0.0195071368939858
0.0199774064411636
0.0204434849193678
0.0209052528430895
0.0213625912486636
0.021815381727667
0.0222635064601581
0.0227068482477526
0.0231452905465239
0.0235787174997215
0.0240070139702946
0.0244300655732142
0.024847758707585
0.0252599805885353
0.0256666192788803
0.0260675637205452
0.0264627037657431
0.0268519302078955
0.027235134812291
0.0276122103464692
0.0279830506103245
0.0283475504659183
0.0287056058669959
0.0290571138881944
0.0294019727539367
0.0297400818670028
0.0300713418367713
0.0303956545071199
0.0307129229839817
0.0310230516625453
0.0313259462540945
0.0316215138124776
0.0319096627602003
0.0321903029141334
0.0324633455108308
0.0327287032314472
0.0329862902262516
0.0332360221387272
0.0334778161292533
0.0337115908983603
0.0339372667095532
0.0341547654116955
0.0343640104609489
0.0345649269422614
0.0347574415903978
0.0349414828105077
0.0351169806982243
0.0352838670592887
0.035442075428694
0.0355915410893444
0.0357322010902234
0.0358639942640664
0.0359868612445329
0.0361007444828726
0.0362055882640825
0.0363013387225488
0.0363879438571706
0.0364653535459594
0.0365335195601136
0.0365923955775607
0.0366419371959654
0.0366821019452008
0.0367128492992771
0.0367341406877274
0.0367459395064457
0.0367482111279755
0.0367409229112463
0.0367240442107557
0.0366975463851953
0.0366614028055188
0.0366155888624501
0.0365600819734316
0.0364948615890105
0.0364199091986638
0.0363352083360599
0.0362407445837599
0.036136505577356
0.0360224810090502
0.0358986626306737
0.0357650442561489
0.0356216217633963
0.0354683930956903
0.0353053582624653
0.035132519339578
0.0349498804690296
0.0347574478581543
0.0345552297782791
0.0343432365628629
0.0341214806051225
0.0338899763551551
0.033648740316565
0.033397791042609
0.0331371491318692
0.0328668372234701
0.0325868799918511
0.0322973041411144
0.0319981383989636
0.0316894135102553
0.0313711622301809
0.0310434193171073
0.0307062215250984
0.0303596075961466
0.0300036182521437
0.0296382961866257
0.0292636860563255
0.0288798344725731
0.0284867899925839
0.0280846031106822
0.0276733262495071
0.0272530137512546
0.0268237218690111
0.026385508758242
0.0259384344684993
0.0254825609354212
0.0250179519730968
0.0245446732668815
0.0240627923667494
0.0235723786812776
0.0230735034723623
0.0225662398507778
0.0220506627726926
0.0215268490372689
0.020994877285475
0.0204548280002575
0.0199067835082216
0.0193508279829843
0.0187870474503701
0.0182155297956382
0.0176363647729338
0.0170496440171772
0.0164554610586085
0.0158539113402304
0.0152450922383992
0.014629103086833
0.0140060452043202
0.0133760219264355
0.0127391386415812
0.0120955028316969
0.0114452241179971
0.0107884143121234
0.010125187473115
0.00945565997062837
0.00877995055486324
0.00809818043367191
0.00741047335736809
0.00671695571176881
0.00601775662004247
0.00531300805395925
0.00460284495518566
0.00388740536728737
0.00316683057915205
0.00244126528057227
0.00171085773078055
0.0009757599407605
0.000236127870209418
-0.000507878359933447
-0.00125609423841971
-0.00200835061707381
-0.00276447344554909
-0.00352428348633895
-0.00428759600885293
-0.00505422046132051
-0.00582396011921323
-0.00659661170881934
-0.00737196500452619
-0.00814980239830512
-0.00892989843981142
-0.00971201934544421
-0.0104959224746174
-0.0112813557714238
-0.0120680571697753
-0.0128557539600235
-0.0136441621149566
-0.0144329855729841
-0.0152219154762092
-0.016010629360992
-0.0167987902984833
-0.01758604598251
-0.0183720277620608
-0.0191563496155093
-0.0199386070635706
-0.0207183760178676
-0.0214952115618329
-0.0222686466605425
-0.0230381907959139
-0.0238033285235588
-0.0245635179474142
-0.0253181891081167
-0.0260667422809026
-0.0268085461786493
-0.0275429360554817
-0.0282692117061828
-0.0289866353564418
-0.0296944294387756
-0.0303917742487442
-0.0310778054758632
-0.0317516116033859
-0.0324122311708969
-0.0330586498934126
-0.0336897976304398
-0.0343045451981713
-0.0349017010177429
-0.035480007592188
-0.0360381378044488
-0.0365746910284952
-0.0370881890453084
-0.0375770717551617
-0.0380396926773103
-0.038474314227859
-0.0388791027662349
-0.0392521234003287
-0.0395913345400015
-0.0398945821882666
-0.0401595939590673
-0.0403839728101602
-0.0405651904791974
-0.0407005806106658
-0.0407873315608974
-0.0408224788679051
-0.0408028973723232
-0.0407252929752448
-0.0406160088091739
-0.0405039862726866
-0.0403891390750974
-0.0402713821102961
-0.04015063177728
-0.0400268060036241
-0.0398998242685202
-0.0397696076253824
-0.0396360787240085
-0.039499161832296
-0.0393587828575007
-0.0392148693670376
-0.0390673506088146
-0.0389161575310948
-0.0387612228018809
-0.0386024808278177
-0.0384398677726055
-0.0382733215749217
-0.0381027819658422
-0.0379281904857611
-0.037749490500802
-0.0375666272187168
-0.0373795477042675
-0.0371882008940862
-0.0369925376110104
-0.036792510577889
-0.0365880744308531
-0.0363791857320521
-0.0361658029818472
-0.0359478866304622
-0.0357253990890857
-0.0354983047404235
-0.0352665699486976
-0.0350301630690888
-0.0347890544566196
-0.0345432164744776
-0.0342926235017726
-0.0340372519407304
-0.0337770802233164
-0.0335120888172908
-0.0332422602316919
-0.0329675790217464
-0.0326880317932045
-0.0324036072061012
-0.0321142959779386
-0.0318200908862923
-0.0315209867708397
-0.031216980534807
-0.0309080711458398
-0.0305942596362924
-0.0302755491029385
-0.0299519447061012
-0.0296234536682046
-0.0292900852717464
-0.028951850856692
-0.0286087638172908
-0.0282608395983164
-0.0279080956907303
-0.0275505516267726
-0.0271882289744776
-0.0268211513316197
-0.0264493443190887
-0.0260728355736977
-0.0256916547404236
-0.0253058334640858
-0.0249154053804622
-0.0245204061068472
-0.0241208732320521
-0.0237168463058532
-0.0233083668278889
-0.0228954782360104
-0.0224782258940862
-0.0220566570792676
-0.0216308209687168
-0.021200768625802
-0.0207665529857611
-0.0203282288408422
-0.0198858528249216
-0.0194394833976055
-0.0189891808278177
-0.018535007176881
-0.0180770262810947
-0.0176153037338146
-0.0171499068670376
-0.0166809047325007
-0.0162083680822959
-0.0157323693490085
-0.0152529826253823
-0.0147702836435203
-0.014284349753624
-0.01379525990228
-0.0133030946102961
-0.0128079359500975
-0.0123098675226865
-0.0118089744341739
-0.0113053432718862
-0.0107990620800587
-0.0102902203351187
-0.00977890892056752
-0.00926522010146589
-0.00874924749853313
-0.00823108606186456
-0.00771083204427752
-0.00718858297428881
-0.00666443762873661
-0.00613849600505053
-0.00561085929318027
-0.00508162984718751
-0.00455091115651279
-0.00401880781692285
-0.00348542550114845
-0.0029508709292174
-0.00241525183849643
-0.0018786769534453
-0.00134125595509616
-0.00080309945026117
-0.000264318940482879
0.00027497320926765
0.000814663802134304
0.00135463884115476
0.00189478356126178
0.00243498246150169
0.00297511933745772
0.00351507731387359
0.00405473887746235
0.00459398590989687
0.00513269972096757
0.00567076108190383
0.0062080502588441
0.00674444704644889
0.00727983080164499
0.00781408047749522
0.00834707465717813
0.00887869158807453
0.00940880921594534
0.00993730521919748
0.0104640570432221
0.0109889419347996
0.011511836976559
0.012032619121486
0.0125511652274647
0.0130673520918477
0.0135810564860417
0.0140921551901028
0.0146005250273266
0.0151060428988284
0.0156085858180995
0.0161080309455342
0.016604255622914
0.0170971374078412
0.0175865541081115
0.0180723838160182
0.0185545049425739
0.0190327962516453
0.0195071368939858
0.0199774064411636
0.0204434849193678
0.0209052528430895
0.0213625912486636
0.021815381727667
0.0222635064601581
0.0227068482477526
0.0231452905465239
0.0235787174997215
0.0240070139702946
0.0244300655732144
0.024847758707585
0.0252599805885353
0.0256666192788803
0.0260675637205454
0.0264627037657431
0.0268519302078955
0.027235134812291
0.0276122103464692
0.0279830506103245
0.0283475504659183
0.0287056058669959
0.0290571138881944
0.0294019727539367
0.0297400818670028
0.0300713418367713
0.0303956545071199
0.0307129229839817
0.0310230516625453
0.0313259462540945
0.0316215138124776
0.0319096627602003
0.0321903029141334
0.0324633455108308
0.0327287032314472
0.0329862902262516
0.0332360221387272
0.0334778161292533
0.0337115908983603
0.0339372667095532
0.0341547654116955
0.0343640104609489
0.0345649269422614
0.0347574415903978
0.0349414828105077
0.0351169806982243
0.0352838670592887
0.035442075428694
0.0355915410893444
0.0357322010902234
0.0358639942640664
0.0359868612445329
0.0361007444828726
0.0362055882640825
0.0363013387225488
0.0363879438571706
0.0364653535459594
0.0365335195601136
0.0365923955775607
0.0366419371959654
0.0366821019452008
0.0367128492992771
0.0367341406877274
0.0367459395064457
0.0367482111279755
0.0367409229112463
0.0367240442107557
0.0366975463851953
0.0366614028055188
0.0366155888624501
0.0365600819734316
0.0364948615890105
0.0364199091986638
0.0363352083360599
0.0362407445837599
0.036136505577356
0.0360224810090502
0.0358986626306737
0.0357650442561489
0.0356216217633963
0.0354683930956903
0.0353053582624653
0.035132519339578
0.0349498804690296
0.0347574478581543
0.0345552297782791
0.0343432365628629
0.0341214806051225
0.0338899763551551
0.033648740316565
0.033397791042609
0.0331371491318692
0.0328668372234701
0.0325868799918511
0.0322973041411144
0.0319981383989636
0.0316894135102553
0.0313711622301809
0.0310434193171073
0.0307062215250984
0.0303596075961466
0.0300036182521437
0.0296382961866257
0.0292636860563255
0.0288798344725731
0.0284867899925839
0.0280846031106822
0.0276733262495071
0.0272530137512546
0.0268237218690111
0.026385508758242
0.0259384344684993
0.0254825609354212
0.0250179519730968
0.0245446732668815
0.0240627923667494
0.0235723786812776
0.0230735034723623
0.0225662398507778
0.0220506627726926
0.0215268490372689
0.020994877285475
0.0204548280002575
0.0199067835082216
0.0193508279829843
0.0187870474503701
0.0182155297956382
0.0176363647729338
0.0170496440171772
0.0164554610586085
0.0158539113402304
0.0152450922383992
0.014629103086833
0.0140060452043202
0.0133760219264355
0.0127391386415812
0.0120955028316969
0.0114452241179971
0.0107884143121234
0.0101251874731147
0.00945565997062837
0.00877995055486324
0.00809818043367191
0.00741047335736779
0.00671695571176881
0.00601775662004247
0.00531300805395925
0.00460284495518566
0.00388740536728737
0.00316683057915205
0.00244126528057227
0.00171085773078055
0.0009757599407605
0.000236127870209418
-0.000507878359933447
-0.00125609423841971
-0.00200835061707381
-0.00276447344554909
-0.00352428348633895
-0.00428759600885293
-0.00505422046132051
-0.00582396011921323
-0.00659661170881934
-0.00737196500452619
-0.00814980239830512
-0.00892989843981142
-0.00971201934544421
-0.0104959224746174
-0.0112813557714238
-0.0120680571697753
-0.0128557539600235
-0.0136441621149566
-0.0144329855729841
-0.0152219154762092
-0.016010629360992
-0.0167987902984833
-0.01758604598251
-0.0183720277620608
-0.0191563496155093
-0.0199386070635706
-0.0207183760178676
-0.0214952115618329
-0.0222686466605425
-0.0230381907959139
-0.0238033285235588
-0.0245635179474142
-0.0253181891081167
-0.0260667422809026
-0.0268085461786493
-0.0275429360554817
-0.0282692117061828
-0.0289866353564418
-0.0296944294387756
-0.0303917742487442
-0.0310778054758632
-0.0317516116033859
-0.0324122311708969
-0.0330586498934126
-0.0336897976304398
-0.0343045451981713
-0.0349017010177429
-0.035480007592188
-0.0360381378044488
-0.0365746910284952
-0.0370881890453084
-0.0375770717551617
-0.0380396926773103
-0.038474314227859
-0.0388791027662349
-0.0392521234003287
-0.0395913345400015
-0.0398945821882666
-0.0401595939590673
-0.0403839728101602
-0.0405651904791974
-0.0407005806106658
-0.0407873315608974
-0.0408224788679051
-0.0408028973723232
-0.0407252929752448
-0.0406160088091739
-0.0405039862726866
-0.0403891390750974
-0.0402713821102961
-0.04015063177728
-0.0400268060036241
-0.0398998242685202
-0.0397696076253824
-0.0396360787240085
-0.039499161832296
-0.0393587828575007
-0.0392148693670376
-0.0390673506088146
-0.0389161575310948
-0.0387612228018809
-0.0386024808278177
-0.0384398677726055
-0.0382733215749217
-0.0381027819658422
-0.0379281904857611
-0.037749490500802
-0.0375666272187168
-0.0373795477042675
-0.0371882008940862
-0.0369925376110104
-0.036792510577889
-0.0365880744308531
-0.0363791857320521
-0.0361658029818472
-0.0359478866304622
-0.0357253990890857
-0.0354983047404235
-0.0352665699486976
-0.0350301630690888
-0.0347890544566196
-0.0345432164744776
-0.0342926235017726
-0.0340372519407304
-0.0337770802233164
-0.0335120888172908
-0.0332422602316919
-0.0329675790217464
-0.0326880317932045
-0.0324036072061012
-0.0321142959779384
-0.0318200908862923
-0.0315209867708397
-0.031216980534807
-0.0309080711458396
-0.0305942596362925
-0.0302755491029385
-0.0299519447061012
-0.0296234536682046
-0.0292900852717465
-0.028951850856692
-0.0286087638172908
-0.0282608395983164
-0.0279080956907305
-0.0275505516267726
-0.0271882289744776
-0.0268211513316197
-0.0264493443190889
-0.0260728355736977
-0.0256916547404236
-0.0253058334640858
-0.0249154053804624
-0.0245204061068472
-0.0241208732320521
-0.0237168463058532
-0.0233083668278891
-0.0228954782360104
-0.0224782258940862
-0.0220566570792676
-0.021630820968717
-0.021200768625802
-0.0207665529857611
-0.0203282288408422
-0.0198858528249219
-0.0194394833976055
-0.0189891808278177
-0.018535007176881
-0.0180770262810949
-0.0176153037338146
-0.0171499068670376
-0.0166809047325007
-0.0162083680822961
-0.0157323693490085
-0.0152529826253823
-0.0147702836435203
-0.0142843497536242
-0.01379525990228
-0.0133030946102961
-0.0128079359500975
-0.0123098675226867
-0.0118089744341739
-0.0113053432718862
-0.0107990620800587
-0.0102902203351189
-0.00977890892056752
-0.00926522010146589
-0.00874924749853313
-0.00823108606186477
-0.00771083204427752
-0.00718858297428881
-0.00666443762873661
-0.00613849600505075
-0.00561085929318027
-0.00508162984718751
-0.00455091115651279
-0.00401880781692309
-0.00348542550114845
-0.0029508709292174
-0.00241525183849643
-0.00187867695344555
-0.00134125595509616
-0.00080309945026117
-0.000264318940482879
0.000274973209267386
0.000814663802134304
0.00135463884115476
0.00189478356126178
0.00243498246150149
0.00297511933745772
0.00351507731387359
0.00405473887746235
0.00459398590989662
0.00513269972096757
0.00567076108190383
0.0062080502588441
0.0067444470464486
0.00727983080164499
0.00781408047749522
0.00834707465717813
0.00887869158807428
0.00940880921594534
0.00993730521919748
0.0104640570432221
0.0109889419347993
0.011511836976559
0.012032619121486
0.0125511652274647
0.0130673520918475
0.0135810564860417
0.0140921551901028
0.0146005250273266
0.0151060428988282
0.0156085858180995
0.0161080309455342
0.016604255622914
0.0170971374078409
0.0175865541081115
0.0180723838160182
0.0185545049425739
0.0190327962516451
0.0195071368939858
0.0199774064411636
0.0204434849193678
0.0209052528430893
0.0213625912486636
0.021815381727667
0.0222635064601581
0.0227068482477524
0.0231452905465239
0.0235787174997215
0.0240070139702946
0.0244300655732142
0.024847758707585
0.0252599805885353
0.0256666192788803
0.0260675637205452
0.0264627037657431
0.0268519302078955
0.027235134812291
0.0276122103464692
0.0279830506103243
0.0283475504659183
0.0287056058669959
0.0290571138881944
0.0294019727539365
0.0297400818670028
0.0300713418367713
0.0303956545071199
0.0307129229839816
0.0310230516625453
0.0313259462540945
0.0316215138124776
0.0319096627602002
0.0321903029141334
0.0324633455108308
0.0327287032314472
0.0329862902262515
0.0332360221387272
0.0334778161292533
0.0337115908983603
0.0339372667095531
0.0341547654116955
0.0343640104609489
0.0345649269422614
0.0347574415903978
0.0349414828105077
0.0351169806982243
0.0352838670592887
0.0354420754286939
0.0355915410893444
0.0357322010902234
0.0358639942640664
0.0359868612445329
0.0361007444828726
0.0362055882640825
0.0363013387225488
0.0363879438571705
0.0364653535459594
0.0365335195601136
0.0365923955775607
0.0366419371959654
0.0366821019452008
0.0367128492992771
0.0367341406877274
0.0367459395064457
0.0367482111279755
0.0367409229112463
0.0367240442107557
0.0366975463851953
0.0366614028055188
0.0366155888624501
0.0365600819734316
0.0364948615890106
0.0364199091986638
0.0363352083360599
0.0362407445837599
0.036136505577356
0.0360224810090502
0.0358986626306737
0.0357650442561489
0.0356216217633963
0.0354683930956903
0.0353053582624653
0.035132519339578
0.0349498804690297
0.0347574478581543
0.0345552297782791
0.0343432365628629
0.0341214806051226
0.0338899763551551
0.033648740316565
0.033397791042609
0.0331371491318693
0.0328668372234701
0.0325868799918511
0.0322973041411144
0.0319981383989638
0.0316894135102553
0.0313711622301809
0.0310434193171073
0.0307062215250985
0.0303596075961466
0.0300036182521437
0.0296382961866257
0.0292636860563257
0.0288798344725731
0.0284867899925839
0.0280846031106822
0.0276733262495073
0.0272530137512546
0.0268237218690111
0.026385508758242
0.0259384344684995
0.0254825609354212
0.0250179519730968
0.0245446732668815
0.0240627923667496
0.0235723786812776
0.0230735034723623
0.0225662398507778
0.0220506627726928
0.0215268490372689
0.020994877285475
0.0204548280002575
0.0199067835082218
0.0193508279829843
0.0187870474503701
0.0182155297956382
0.017636364772934
0.0170496440171772
0.0164554610586085
0.0158539113402304
0.0152450922383995
0.014629103086833
0.0140060452043202
0.0133760219264355
0.0127391386415815
0.0120955028316969
0.0114452241179971
0.0107884143121234
0.010125187473115
0.00945565997062837
0.00877995055486324
0.00809818043367191
0.00741047335736809
0.00671695571176881
0.00601775662004247
0.00531300805395925
0.00460284495518566
0.00388740536728768
0.00316683057915205
0.00244126528057227
0.00171085773078055
0.000975759940760842
0.000236127870209418
-0.000507878359933447
-0.00125609423841971
-0.00200835061707349
-0.00276447344554909
-0.00352428348633895
-0.00428759600885293
-0.00505422046132018
-0.00582396011921323
-0.00659661170881934
-0.00737196500452619
-0.00814980239830476
-0.00892989843981142
-0.00971201934544421
-0.0104959224746174
-0.0112813557714235
-0.0120680571697753
-0.0128557539600235
-0.0136441621149566
-0.0144329855729837
-0.0152219154762092
-0.016010629360992
-0.0167987902984833
-0.0175860459825096
-0.0183720277620608
-0.0191563496155093
-0.0199386070635706
-0.0207183760178673
-0.0214952115618329
-0.0222686466605425
-0.0230381907959139
-0.0238033285235585
-0.0245635179474142
-0.0253181891081167
-0.0260667422809026
-0.026808546178649
-0.0275429360554817
-0.0282692117061828
-0.0289866353564418
-0.0296944294387753
-0.0303917742487442
-0.0310778054758632
-0.0317516116033859
-0.0324122311708966
-0.0330586498934126
-0.0336897976304398
-0.0343045451981713
-0.0349017010177426
-0.035480007592188
-0.0360381378044488
-0.0365746910284952
-0.0370881890453082
-0.0375770717551617
-0.0380396926773103
-0.038474314227859
-0.0388791027662348
-0.0392521234003287
-0.0395913345400015
-0.0398945821882666
-0.0401595939590672
-0.0403839728101602
-0.0405651904791974
-0.0407005806106658
-0.0407873315608974
-0.0408224788679051
-0.0408028973723232
-0.0407252929752448
-0.040616008809174
-0.0405039862726866
-0.0403891390750974
-0.0402713821102961
-0.0401506317772801
-0.0400268060036241
-0.0398998242685202
-0.0397696076253824
-0.0396360787240086
-0.039499161832296
-0.0393587828575007
-0.0392148693670376
-0.0390673506088147
-0.0389161575310948
-0.0387612228018809
-0.0386024808278177
-0.0384398677726056
-0.0382733215749217
-0.0381027819658422
-0.0379281904857611
-0.037749490500802
-0.0375666272187168
-0.0373795477042675
-0.0371882008940862
-0.0369925376110105
-0.036792510577889
-0.0365880744308531
-0.0363791857320521
-0.0361658029818473
-0.0359478866304622
-0.0357253990890857
-0.0354983047404235
-0.0352665699486977
-0.0350301630690888
-0.0347890544566196
-0.0345432164744776
-0.0342926235017727
-0.0340372519407304
-0.0337770802233164
-0.0335120888172908
-0.0332422602316921
-0.0329675790217464
-0.0326880317932045
-0.0324036072061012
-0.0321142959779386
-0.0318200908862923
-0.0315209867708397
-0.031216980534807
-0.0309080711458398
-0.0305942596362924
-0.0302755491029385
-0.0299519447061012
-0.0296234536682046
-0.0292900852717464
-0.028951850856692
-0.0286087638172908
-0.0282608395983164
-0.0279080956907305
-0.0275505516267726
-0.0271882289744776
-0.0268211513316197
-0.0264493443190889
-0.0260728355736977
-0.0256916547404236
-0.0253058334640858
-0.0249154053804624
-0.0245204061068472
-0.0241208732320521
-0.0237168463058532
-0.0233083668278891
-0.0228954782360104
-0.0224782258940862
-0.0220566570792676
-0.021630820968717
-0.021200768625802
-0.0207665529857611
-0.0203282288408422
-0.0198858528249219
-0.0194394833976055
-0.0189891808278177
-0.018535007176881
-0.0180770262810949
-0.0176153037338146
-0.0171499068670376
-0.0166809047325007
-0.0162083680822961
-0.0157323693490085
-0.0152529826253823
-0.0147702836435203
-0.0142843497536242
-0.01379525990228
-0.0133030946102961
-0.0128079359500975
-0.0123098675226867
-0.0118089744341739
-0.0113053432718862
-0.0107990620800587
-0.0102902203351189
-0.00977890892056752
-0.00926522010146589
-0.00874924749853313
-0.00823108606186477
-0.00771083204427752
-0.00718858297428881
-0.00666443762873661
-0.00613849600505075
-0.00561085929318027
-0.00508162984718751
-0.00455091115651279
-0.00401880781692309
-0.00348542550114845
-0.0029508709292174
-0.00241525183849643
-0.00187867695344555
-0.00134125595509616
-0.00080309945026117
-0.000264318940482879
0.000274973209267386
0.000814663802134304
0.00135463884115476
0.00189478356126178
0.00243498246150149
0.00297511933745772
0.00351507731387359
0.00405473887746235
0.00459398590989662
0.00513269972096757
0.00567076108190383
0.0062080502588441
0.0067444470464486
0.00727983080164499
0.00781408047749522
0.00834707465717813
0.00887869158807428
0.00940880921594534
0.00993730521919748
0.0104640570432221
0.0109889419347993
0.011511836976559
0.012032619121486
0.0125511652274647
0.0130673520918475
0.0135810564860417
0.0140921551901028
0.0146005250273266
0.0151060428988282
0.0156085858180995
0.0161080309455342
0.016604255622914
0.0170971374078409
0.0175865541081115
0.0180723838160182
0.0185545049425739
0.0190327962516451
0.0195071368939858
0.0199774064411636
0.0204434849193678
0.0209052528430893
0.0213625912486636
0.021815381727667
0.0222635064601581
0.0227068482477524
0.0231452905465239
0.0235787174997215
0.0240070139702946
0.0244300655732142
0.024847758707585
0.0252599805885353
0.0256666192788803
0.0260675637205452
0.0264627037657431
0.0268519302078955
0.027235134812291
0.0276122103464692
0.0279830506103245
0.0283475504659183
0.0287056058669959
0.0290571138881944
0.0294019727539367
0.0297400818670028
0.0300713418367713
0.0303956545071199
0.0307129229839816
0.0310230516625453
0.0313259462540945
0.0316215138124776
0.0319096627602002
0.0321903029141334
0.0324633455108308
0.0327287032314472
0.0329862902262515
0.0332360221387272
0.0334778161292533
0.0337115908983603
0.0339372667095531
0.0341547654116955
0.0343640104609489
0.0345649269422614
0.0347574415903978
0.0349414828105077
0.0351169806982243
0.0352838670592887
0.0354420754286939
0.0355915410893444
0.0357322010902234
0.0358639942640664
0.0359868612445329
0.0361007444828726
0.0362055882640825
0.0363013387225488
0.0363879438571705
0.0364653535459594
0.0365335195601136
0.0365923955775607
0.0366419371959654
0.0366821019452008
0.0367128492992771
0.0367341406877274
0.0367459395064457
0.0367482111279755
0.0367409229112463
0.0367240442107557
0.0366975463851953
0.0366614028055188
0.0366155888624501
0.0365600819734316
0.0364948615890106
0.0364199091986638
0.0363352083360599
0.0362407445837599
0.036136505577356
0.0360224810090502
0.0358986626306737
0.0357650442561489
0.0356216217633963
0.0354683930956903
0.0353053582624653
0.035132519339578
0.0349498804690297
0.0347574478581543
0.0345552297782791
0.0343432365628629
0.0341214806051226
0.0338899763551551
0.033648740316565
0.033397791042609
0.0331371491318693
0.0328668372234701
0.0325868799918511
0.0322973041411144
0.0319981383989638
0.0316894135102553
0.0313711622301809
0.0310434193171073
0.0307062215250985
0.0303596075961466
0.0300036182521437
0.0296382961866257
0.0292636860563257
0.0288798344725731
0.0284867899925839
0.0280846031106822
0.0276733262495073
0.0272530137512546
0.0268237218690111
0.026385508758242
0.0259384344684995
0.0254825609354212
0.0250179519730968
0.0245446732668815
0.0240627923667496
0.0235723786812776
0.0230735034723623
0.0225662398507778
0.0220506627726928
0.0215268490372689
0.020994877285475
0.0204548280002575
0.0199067835082218
0.0193508279829843
0.0187870474503701
0.0182155297956382
0.017636364772934
0.0170496440171772
0.0164554610586085
0.0158539113402304
0.0152450922383995
0.014629103086833
0.0140060452043202
0.0133760219264355
0.0127391386415815
0.0120955028316969
0.0114452241179971
0.0107884143121234
0.010125187473115
0.00945565997062837
0.00877995055486324
0.00809818043367191
0.00741047335736809
0.00671695571176881
0.00601775662004247
0.00531300805395925
0.00460284495518566
0.00388740536728737
0.00316683057915205
0.00244126528057227
0.00171085773078055
0.0009757599407605
0.000236127870209418
-0.000507878359933447
-0.00125609423841971
-0.00200835061707349
-0.00276447344554909
-0.00352428348633895
-0.00428759600885293
-0.00505422046132018
-0.00582396011921323
-0.00659661170881934
-0.00737196500452619
-0.00814980239830476
-0.00892989843981142
-0.00971201934544421
-0.0104959224746174
-0.0112813557714235
-0.0120680571697753
-0.0128557539600235
-0.0136441621149566
-0.0144329855729837
-0.0152219154762092
-0.016010629360992
-0.0167987902984833
-0.0175860459825096
-0.0183720277620608
-0.0191563496155093
-0.0199386070635706
-0.0207183760178673
-0.0214952115618329
-0.0222686466605425
-0.0230381907959139
-0.0238033285235585
-0.0245635179474142
-0.0253181891081167
-0.0260667422809026
-0.026808546178649
-0.0275429360554817
-0.0282692117061828
-0.0289866353564418
-0.0296944294387753
-0.0303917742487442
-0.0310778054758632
-0.0317516116033859
-0.0324122311708966
-0.0330586498934126
-0.0336897976304398
-0.0343045451981713
-0.0349017010177426
-0.035480007592188
-0.0360381378044488
-0.0365746910284952
-0.0370881890453082
-0.0375770717551617
-0.0380396926773103
-0.038474314227859
-0.0388791027662348
-0.0392521234003287
-0.0395913345400015
-0.0398945821882666
-0.0401595939590672
-0.0403839728101602
-0.0405651904791974
-0.0407005806106658
-0.0407873315608974
-0.0408224788679051
-0.0408028973723232
-0.0407252929752448
-0.040616008809174
-0.0405039862726866
-0.0403891390750974
-0.0402713821102961
-0.0401506317772801
-0.0400268060036241
-0.0398998242685202
-0.0397696076253824
-0.0396360787240086
-0.039499161832296
-0.0393587828575007
-0.0392148693670376
-0.0390673506088147
-0.0389161575310948
-0.0387612228018809
-0.0386024808278177
-0.0384398677726056
-0.0382733215749217
-0.0381027819658422
-0.0379281904857611
-0.037749490500802
-0.0375666272187168
-0.0373795477042675
-0.0371882008940862
-0.0369925376110105
-0.036792510577889
-0.0365880744308531
-0.0363791857320521
-0.0361658029818473
-0.0359478866304622
-0.0357253990890857
-0.0354983047404235
-0.0352665699486977
-0.0350301630690888
-0.0347890544566196
-0.0345432164744776
-0.0342926235017727
-0.0340372519407304
-0.0337770802233164
-0.0335120888172908
-0.0332422602316921
-0.0329675790217464
-0.0326880317932045
-0.0324036072061012
-0.0321142959779386
-0.0318200908862923
-0.0315209867708397
-0.031216980534807
-0.0309080711458398
-0.0305942596362924
-0.0302755491029385
-0.0299519447061012
-0.0296234536682046
-0.0292900852717464
-0.028951850856692
-0.0286087638172908
-0.0282608395983164
-0.0279080956907303
-0.0275505516267726
-0.0271882289744776
-0.0268211513316197
-0.0264493443190887
-0.0260728355736977
-0.0256916547404236
-0.0253058334640858
-0.0249154053804624
-0.0245204061068472
-0.0241208732320521
-0.0237168463058532
-0.0233083668278891
-0.0228954782360104
-0.0224782258940862
-0.0220566570792676
-0.021630820968717
-0.021200768625802
-0.0207665529857611
-0.0203282288408422
-0.0198858528249219
-0.0194394833976055
-0.0189891808278177
-0.018535007176881
-0.0180770262810949
-0.0176153037338146
-0.0171499068670376
-0.0166809047325007
-0.0162083680822961
-0.0157323693490085
-0.0152529826253823
-0.0147702836435203
-0.0142843497536242
-0.01379525990228
-0.0133030946102961
-0.0128079359500975
-0.0123098675226867
-0.0118089744341739
-0.0113053432718862
-0.0107990620800587
-0.0102902203351189
-0.00977890892056752
-0.00926522010146589
-0.00874924749853313
-0.00823108606186477
-0.00771083204427752
-0.00718858297428881
-0.00666443762873661
-0.00613849600505075
-0.00561085929318027
-0.00508162984718751
-0.00455091115651279
-0.00401880781692309
-0.00348542550114845
-0.0029508709292174
-0.00241525183849643
-0.00187867695344555
-0.00134125595509616
-0.00080309945026117
-0.000264318940482879
0.00027497320926765
0.000814663802134095
0.00135463884115476
0.00189478356126178
0.00243498246150149
0.00297511933745772
0.00351507731387359
0.00405473887746235
0.00459398590989687
0.00513269972096735
0.00567076108190383
0.0062080502588441
0.0067444470464486
0.00727983080164499
0.00781408047749522
0.00834707465717813
0.00887869158807453
0.00940880921594509
0.00993730521919748
0.0104640570432221
0.0109889419347993
0.011511836976559
0.012032619121486
0.0125511652274647
0.0130673520918477
0.0135810564860415
0.0140921551901028
0.0146005250273266
0.0151060428988282
0.0156085858180995
0.0161080309455342
0.016604255622914
0.0170971374078412
0.0175865541081113
0.0180723838160182
0.0185545049425739
0.0190327962516451
0.0195071368939858
0.0199774064411636
0.0204434849193678
0.0209052528430895
0.0213625912486635
0.021815381727667
0.0222635064601581
0.0227068482477524
0.0231452905465239
0.0235787174997215
0.0240070139702946
0.0244300655732144
0.0248477587075847
0.0252599805885353
0.0256666192788803
0.0260675637205452
0.0264627037657431
0.0268519302078955
0.027235134812291
0.0276122103464694
0.0279830506103243
0.0283475504659183
0.0287056058669959
0.0290571138881944
0.0294019727539367
0.0297400818670028
0.0300713418367713
0.03039565450712
0.0307129229839816
0.0310230516625453
0.0313259462540945
0.0316215138124776
0.0319096627602003
0.0321903029141334
0.0324633455108308
0.0327287032314473
0.0329862902262515
0.0332360221387272
0.0334778161292533
0.0337115908983603
0.0339372667095532
0.0341547654116954
0.0343640104609489
0.0345649269422614
0.0347574415903978
0.0349414828105077
0.0351169806982243
0.0352838670592887
0.035442075428694
0.0355915410893443
0.0357322010902234
0.0358639942640664
0.0359868612445329
0.0361007444828726
0.0362055882640825
0.0363013387225488
0.0363879438571706
0.0364653535459594
0.0365335195601136
0.0365923955775607
0.0366419371959654
0.0366821019452008
0.0367128492992771
0.0367341406877274
0.0367459395064457
0.0367482111279755
0.0367409229112463
0.0367240442107557
0.0366975463851953
0.0366614028055188
0.0366155888624501
0.0365600819734316
0.0364948615890105
0.0364199091986638
0.0363352083360599
0.0362407445837599
0.036136505577356
0.0360224810090502
0.0358986626306737
0.0357650442561489
0.0356216217633963
0.0354683930956904
0.0353053582624653
0.035132519339578
0.0349498804690297
0.0347574478581543
0.0345552297782791
0.0343432365628629
0.0341214806051225
0.0338899763551552
0.033648740316565
0.033397791042609
0.0331371491318693
0.0328668372234701
0.0325868799918511
0.0322973041411144
0.0319981383989636
0.0316894135102554
0.0313711622301809
0.0310434193171073
0.0307062215250985
0.0303596075961466
0.0300036182521437
0.0296382961866257
0.0292636860563255
0.0288798344725733
0.0284867899925839
0.0280846031106822
0.0276733262495073
0.0272530137512546
0.0268237218690111
0.026385508758242
0.0259384344684993
